lastAccountName: Warthawg
timestamps:
  login: 1528813445365
  logout: 1528813852191
ipAddress: 69.207.200.206
lastlocation:
  world: world
  x: 9901.74374273065
  y: 78.45457101358025
  z: 193.33967212081058
  yaw: -235.3382
  pitch: 8.699948
afk: false
logoutlocation:
  world: world
  x: 9887.222391351715
  y: 71.0
  z: 236.54121981414426
  yaw: 245.8668
  pitch: 16.200024
