lastAccountName: Cole133
timestamps:
  login: 1529088967922
  logout: 1529089544835
ipAddress: 173.79.38.35
lastlocation:
  world: world
  x: 9772.74651886957
  y: 84.19238115579402
  z: 382.81930328254384
  yaw: 276.89954
  pitch: 88.5
logoutlocation:
  world: world
  x: 9944.453252814223
  y: 115.20000004768372
  z: 247.64111261968935
  yaw: 262.34985
  pitch: -1.9499965
afk: false
