lastAccountName: lllXavierlll
timestamps:
  login: 1524447440733
  lastteleport: 1524431459726
  logout: 1524447489838
ipAddress: 64.31.215.15
lastlocation:
  world: world
  x: 10000.5
  y: 69.0
  z: 374.5
  yaw: 31.240168
  pitch: 20.099998
logoutlocation:
  world: world
  x: 10002.13726289342
  y: 73.0
  z: 317.9365810617028
  yaw: 234.15004
  pitch: 10.950003
