lastAccountName: iced78
timestamps:
  login: 1524261849795
  lastteleport: 1524262489854
  logout: 1524265100826
ipAddress: 73.118.45.245
lastlocation:
  world: world
  x: 10018.5
  y: 68.0
  z: 365.5
  yaw: 0.0
  pitch: 0.0
homes:
  home:
    world: world
    x: 10025.092764436302
    y: 68.0
    z: 367.5802958620516
    yaw: -113.700035
    pitch: -3.3000011
afk: false
logoutlocation:
  world: world
  x: 10090.699999988079
  y: 78.0
  z: 386.6553411302339
  yaw: -43.798706
  pitch: -55.949997
