afk: true
logoutlocation:
  world: world
  x: 10083.272317547988
  y: 80.6561374499488
  z: 403.8454616855836
  yaw: 245.78763
  pitch: 33.565903
timestamps:
  logout: 1528914298723
  login: 1528915937677
  lastteleport: 1528915972179
lastAccountName: WillWam2
ipAddress: 192.168.1.1
lastlocation:
  world: world
  x: 9984.507643307164
  y: 126.34827109644057
  z: 309.08845042325817
  yaw: 146.03746
  pitch: 16.765898
