afk: false
logoutlocation:
  world: world
  x: 9923.55246844888
  y: 106.64923793384676
  z: 175.46480484961705
  yaw: -317.39984
  pitch: 56.55
timestamps:
  logout: 1529092453262
  login: 1529092526475
  lastteleport: 1529092600284
lastAccountName: WillWam2
ipAddress: 192.168.1.1
lastlocation:
  world: world
  x: 9875.65474527909
  y: 119.21209080515739
  z: 260.9719269112231
  yaw: -184.94989
  pitch: 6.899997
