lastAccountName: Saavy
timestamps:
  login: 1528845588569
  logout: 1528846445427
ipAddress: 71.72.254.58
lastlocation:
  world: world
  x: 10009.865852613235
  y: 69.0
  z: 366.3693247136147
  yaw: -248.99994
  pitch: 10.049997
logoutlocation:
  world: TestBuild
  x: 235.25775960986243
  y: 14.55688340912619
  z: 833.3717785397416
  yaw: -87.00806
  pitch: 20.700003
