lastAccountName: Vixoras
timestamps:
  login: 1529032194699
  logout: 1529032249289
ipAddress: 183.82.179.171
lastlocation:
  world: world
  x: 10352.199159852895
  y: 67.0
  z: 724.2513067148259
  yaw: 25.200073
  pitch: 33.29998
logoutlocation:
  world: world
  x: 9958.83518488458
  y: 124.0
  z: 274.0511630910787
  yaw: -302.23376
  pitch: 26.698996
