lastAccountName: TsmartHD
timestamps:
  login: 1528843136830
  logout: 1528843400547
ipAddress: 82.25.41.102
logoutlocation:
  world: TestBuild
  x: 249.85345625230104
  y: 4.0
  z: 820.8620528365915
  yaw: -123.00004
  pitch: 13.799997
lastlocation:
  world: world
  x: 10046.967869778808
  y: 72.4186739774967
  z: 218.24494925168347
  yaw: 9.342429
  pitch: 15.449982
