lastAccountName: thewighttiger
timestamps:
  login: 1529088953289
  logout: 1528915955546
  lastteleport: 1529090784729
ipAddress: 24.149.24.194
logoutlocation:
  world: world
  x: 9930.108559527016
  y: 124.08443119435941
  z: 270.46503068779555
  yaw: 317.43176
  pitch: 41.549976
lastlocation:
  world: world
  x: 9873.113060179721
  y: 124.0231098605636
  z: 291.2577853258832
  yaw: -77.25008
  pitch: 25.050005
afk: false
socialspy: true
homes:
  home:
    world: world
    x: 9907.767036062392
    y: 74.62710373006628
    z: 229.56726151713374
    yaw: -355.20355
    pitch: 12.449984
