lastAccountName: TheEmeraldElytra
timestamps:
  login: 1524990869115
  logout: 1524991001313
ipAddress: 60.241.30.182
logoutlocation:
  world: world
  x: 9893.655638037606
  y: 103.0
  z: 157.713820280204
  yaw: -17.18872
  pitch: 21.29997
