hub:
  world: world
  x: 9973.609773973065
  y: 124.0
  z: 290.4488280472981
  yaw: -271.34995
  pitch: -2.3999982
